4 8388608 1059.000000 592 24170881 636 1 
4 8388608 2059.000000 604 29077640 1247 2 
4 0 8130081.300813 1
4 16 15786.250000 4831.000000 6850 51804 14900 1 
4 16 6839.000000 3300.750000 3855 20520 4055 2 
4 16 7304.500000 3853.000000 4092 22204 4328 2 
4 16 22094.125000 23424.250000 7112 68196 16463 2 
4 16 73805.625000 22083.875000 7216 600470 31103 2 
4 16 18281.500000 13506.750000 4304 83532 5284 2 
4 16 27262.250000 5518.500000 6256 140188 12168 2 
4 16 52787.250000 37757.687500 6942 333994 12702 2 
4 16 41180.250000 26803.750000 4180 311852 8792 2 
4 16 9031.500000 3572.750000 4100 24872 5370 2 
4 16 35190.500000 18537.750000 4144 266124 4678 2 
4 16 1032.500000 115.000000 220 10224 266 2 
4 16 5399.875000 146.750000 360 76462 395 2 
4 16 975.750000 91.000000 220 9760 240 2 
4 16 2195.625000 175.250000 360 28200 401 2 
4 16 970.750000 88.500000 216 10280 224 2 
4 16 1019.250000 196.000000 216 10888 250 4 
4 16 2611.250000 149.625000 372 32456 404 2 
4 16 1261.000000 145.125000 372 14170 372 1 
4 16 7150.000000 220.500000 216 57616 238 4 
4 8388608 289.499784 169.552437 93 46671033 116 1 
4 8388608 402.121714 82.723741 96 93569172 145 2 
4 8388608 256.052042 126.210236 96 36287569 116 1 
4 8388608 484.429356 79.043005 93 23876749 268 2 
4 8388608 270.205584 113.871737 96 34892594 116 1 
4 8388608 458.468554 85.993126 93 26895968 265 2 
4 8388608 250.500071 121.694481 96 27543510 116 1 
4 8388608 501.015467 82.060423 96 20280417 261 2 
4 8388608 777.987707 111.633579 96 139383149 119 4 
4 8388608 126.575600 126.747025 54 34875944 71 1 
4 8388608 113.526559 78.828806 54 17714423 71 2 
4 8388608 285.425215 96.229161 54 93145928 71 4 
